0.0 0.0 1.0
0.0 0.020833333333333332 1.0
0.0 0.0425531914893617 1.0
0.0 0.06521739130434782 1.0
0.0 0.08888888888888888 1.0
0.0 0.11363636363636363 1.0
0.0 0.13953488372093023 1.0
0.0 0.16666666666666666 1.0
0.0 0.19512195121951217 1.0
0.0 0.225 1.0
0.0 0.25641025641025644 1.0
0.0 0.2894736842105263 1.0
0.0 0.32432432432432434 1.0
0.0 0.3611111111111111 1.0
0.0 0.39999999999999997 1.0
0.0 0.4411764705882353 1.0
0.0 0.4848484848484848 1.0
0.0 0.53125 1.0
0.0 0.5806451612903226 1.0
0.0 0.6333333333333333 1.0
0.0 0.6896551724137931 1.0
0.0 0.75 1.0
0.0 0.8148148148148149 1.0
0.0 0.8846153846153846 1.0
0.0 0.96 1.0
0.0 1.0 0.96
0.0 1.0 0.8846153846153846
0.0 1.0 0.8148148148148149
0.0 1.0 0.75
0.0 1.0 0.6896551724137931
0.0 1.0 0.6333333333333333
0.0 1.0 0.5806451612903226
0.0 1.0 0.53125
0.0 1.0 0.4848484848484848
0.0 1.0 0.4411764705882353
0.0 1.0 0.39999999999999997
0.0 1.0 0.3611111111111111
0.0 1.0 0.32432432432432434
0.0 1.0 0.2894736842105263
0.0 1.0 0.25641025641025644
0.0 1.0 0.225
0.0 1.0 0.19512195121951217
0.0 1.0 0.16666666666666666
0.0 1.0 0.13953488372093023
0.0 1.0 0.11363636363636363
0.0 1.0 0.08888888888888888
0.0 1.0 0.06521739130434782
0.0 1.0 0.0425531914893617
0.0 1.0 0.020833333333333332
0.0 1.0 0.0
0.020833333333333332 0.0 1.0
0.02127659574468085 0.02127659574468085 1.0
0.021739130434782605 0.04347826086956521 1.0
0.02222222222222222 0.06666666666666667 1.0
0.022727272727272724 0.0909090909090909 1.0
0.023255813953488372 0.11627906976744187 1.0
0.023809523809523808 0.14285714285714285 1.0
0.024390243902439022 0.17073170731707316 1.0
0.024999999999999998 0.19999999999999998 1.0
0.02564102564102564 0.23076923076923078 1.0
0.02631578947368421 0.26315789473684215 1.0
0.027027027027027025 0.2972972972972973 1.0
0.027777777777777773 0.3333333333333333 1.0
0.028571428571428567 0.37142857142857144 1.0
0.029411764705882353 0.4117647058823529 1.0
0.0303030303030303 0.4545454545454546 1.0
0.03125 0.5 1.0
0.032258064516129024 0.5483870967741935 1.0
0.03333333333333333 0.6 1.0
0.034482758620689655 0.6551724137931034 1.0
0.03571428571428571 0.7142857142857143 1.0
0.037037037037037035 0.7777777777777778 1.0
0.03846153846153846 0.8461538461538461 1.0
0.039999999999999994 0.92 1.0
0.041666666666666664 1.0 1.0
0.039999999999999994 1.0 0.92
0.03846153846153846 1.0 0.8461538461538461
0.037037037037037035 1.0 0.7777777777777778
0.03571428571428571 1.0 0.7142857142857143
0.034482758620689655 1.0 0.6551724137931034
0.03333333333333333 1.0 0.6
0.032258064516129024 1.0 0.5483870967741935
0.03125 1.0 0.5
0.0303030303030303 1.0 0.4545454545454546
0.029411764705882353 1.0 0.4117647058823529
0.028571428571428567 1.0 0.37142857142857144
0.027777777777777773 1.0 0.3333333333333333
0.027027027027027025 1.0 0.2972972972972973
0.02631578947368421 1.0 0.26315789473684215
0.02564102564102564 1.0 0.23076923076923078
0.024999999999999998 1.0 0.19999999999999998
0.024390243902439022 1.0 0.17073170731707316
0.023809523809523808 1.0 0.14285714285714285
0.023255813953488372 1.0 0.11627906976744187
0.022727272727272724 1.0 0.0909090909090909
0.02222222222222222 1.0 0.06666666666666667
0.021739130434782605 1.0 0.04347826086956521
0.02127659574468085 1.0 0.02127659574468085
0.020833333333333332 1.0 0.0
0.0425531914893617 0.0 1.0
0.04347826086956521 0.021739130434782605 1.0
0.04444444444444444 0.04444444444444444 1.0
0.04545454545454545 0.06818181818181818 1.0
0.046511627906976744 0.09302325581395349 1.0
0.047619047619047616 0.11904761904761905 1.0
0.048780487804878044 0.14634146341463414 1.0
0.049999999999999996 0.175 1.0
0.05128205128205128 0.20512820512820512 1.0
0.05263157894736842 0.2368421052631579 1.0
0.05405405405405405 0.2702702702702703 1.0
0.055555555555555546 0.3055555555555555 1.0
0.057142857142857134 0.34285714285714286 1.0
0.058823529411764705 0.3823529411764706 1.0
0.0606060606060606 0.42424242424242425 1.0
0.0625 0.46875000000000006 1.0
0.06451612903225805 0.5161290322580644 1.0
0.06666666666666667 0.5666666666666667 1.0
0.06896551724137931 0.6206896551724138 1.0
0.07142857142857142 0.6785714285714286 1.0
0.07407407407407407 0.7407407407407408 1.0
0.07692307692307691 0.8076923076923076 1.0
0.07999999999999999 0.88 1.0
0.08333333333333333 0.9583333333333334 1.0
0.08333333333333333 1.0 0.9583333333333334
0.07999999999999999 1.0 0.88
0.07692307692307691 1.0 0.8076923076923076
0.07407407407407407 1.0 0.7407407407407408
0.07142857142857142 1.0 0.6785714285714286
0.06896551724137931 1.0 0.6206896551724138
0.06666666666666667 1.0 0.5666666666666667
0.06451612903225805 1.0 0.5161290322580644
0.0625 1.0 0.46875000000000006
0.0606060606060606 1.0 0.42424242424242425
0.058823529411764705 1.0 0.3823529411764706
0.057142857142857134 1.0 0.34285714285714286
0.055555555555555546 1.0 0.3055555555555555
0.05405405405405405 1.0 0.2702702702702703
0.05263157894736842 1.0 0.2368421052631579
0.05128205128205128 1.0 0.20512820512820512
0.049999999999999996 1.0 0.175
0.048780487804878044 1.0 0.14634146341463414
0.047619047619047616 1.0 0.11904761904761905
0.046511627906976744 1.0 0.09302325581395349
0.04545454545454545 1.0 0.06818181818181818
0.04444444444444444 1.0 0.04444444444444444
0.04347826086956521 1.0 0.021739130434782605
0.0425531914893617 1.0 0.0
0.06521739130434782 0.0 1.0
0.06666666666666667 0.02222222222222222 1.0
0.06818181818181818 0.04545454545454545 1.0
0.06976744186046512 0.06976744186046512 1.0
0.07142857142857142 0.09523809523809523 1.0
0.07317073170731707 0.12195121951219512 1.0
0.075 0.15 1.0
0.07692307692307693 0.1794871794871795 1.0
0.07894736842105263 0.21052631578947367 1.0
0.08108108108108109 0.24324324324324328 1.0
0.08333333333333333 0.2777777777777778 1.0
0.08571428571428572 0.3142857142857143 1.0
0.08823529411764706 0.35294117647058826 1.0
0.09090909090909091 0.393939393939394 1.0
0.09375 0.4375 1.0
0.0967741935483871 0.48387096774193544 1.0
0.09999999999999999 0.5333333333333333 1.0
0.10344827586206896 0.5862068965517241 1.0
0.10714285714285715 0.6428571428571429 1.0
0.11111111111111112 0.7037037037037037 1.0
0.11538461538461538 0.7692307692307692 1.0
0.12 0.84 1.0
0.125 0.9166666666666667 1.0
0.13043478260869565 1.0 1.0
0.125 1.0 0.9166666666666667
0.12 1.0 0.84
0.11538461538461538 1.0 0.7692307692307692
0.11111111111111112 1.0 0.7037037037037037
0.10714285714285715 1.0 0.6428571428571429
0.10344827586206896 1.0 0.5862068965517241
0.09999999999999999 1.0 0.5333333333333333
0.0967741935483871 1.0 0.48387096774193544
0.09375 1.0 0.4375
0.09090909090909091 1.0 0.393939393939394
0.08823529411764706 1.0 0.35294117647058826
0.08571428571428572 1.0 0.3142857142857143
0.08333333333333333 1.0 0.2777777777777778
0.08108108108108109 1.0 0.24324324324324328
0.07894736842105263 1.0 0.21052631578947367
0.07692307692307693 1.0 0.1794871794871795
0.075 1.0 0.15
0.07317073170731707 1.0 0.12195121951219512
0.07142857142857142 1.0 0.09523809523809523
0.06976744186046512 1.0 0.06976744186046512
0.06818181818181818 1.0 0.04545454545454545
0.06666666666666667 1.0 0.02222222222222222
0.06521739130434782 1.0 0.0
0.08888888888888888 0.0 1.0
0.0909090909090909 0.022727272727272724 1.0
0.09302325581395349 0.046511627906976744 1.0
0.09523809523809523 0.07142857142857142 1.0
0.09756097560975609 0.09756097560975609 1.0
0.09999999999999999 0.125 1.0
0.10256410256410256 0.15384615384615385 1.0
0.10526315789473684 0.18421052631578946 1.0
0.1081081081081081 0.2162162162162162 1.0
0.11111111111111109 0.25 1.0
0.11428571428571427 0.2857142857142857 1.0
0.11764705882352941 0.3235294117647059 1.0
0.1212121212121212 0.36363636363636365 1.0
0.125 0.40625000000000006 1.0
0.1290322580645161 0.4516129032258064 1.0
0.13333333333333333 0.5 1.0
0.13793103448275862 0.5517241379310345 1.0
0.14285714285714285 0.6071428571428572 1.0
0.14814814814814814 0.6666666666666667 1.0
0.15384615384615383 0.7307692307692307 1.0
0.15999999999999998 0.8 1.0
0.16666666666666666 0.875 1.0
0.17391304347826084 0.9565217391304347 1.0
0.17391304347826084 1.0 0.9565217391304347
0.16666666666666666 1.0 0.875
0.15999999999999998 1.0 0.8
0.15384615384615383 1.0 0.7307692307692307
0.14814814814814814 1.0 0.6666666666666667
0.14285714285714285 1.0 0.6071428571428572
0.13793103448275862 1.0 0.5517241379310345
0.13333333333333333 1.0 0.5
0.1290322580645161 1.0 0.4516129032258064
0.125 1.0 0.40625000000000006
0.1212121212121212 1.0 0.36363636363636365
0.11764705882352941 1.0 0.3235294117647059
0.11428571428571427 1.0 0.2857142857142857
0.11111111111111109 1.0 0.25
0.1081081081081081 1.0 0.2162162162162162
0.10526315789473684 1.0 0.18421052631578946
0.10256410256410256 1.0 0.15384615384615385
0.09999999999999999 1.0 0.125
0.09756097560975609 1.0 0.09756097560975609
0.09523809523809523 1.0 0.07142857142857142
0.09302325581395349 1.0 0.046511627906976744
0.0909090909090909 1.0 0.022727272727272724
0.08888888888888888 1.0 0.0
0.11363636363636363 0.0 1.0
0.11627906976744187 0.023255813953488372 1.0
0.11904761904761905 0.047619047619047616 1.0
0.12195121951219512 0.07317073170731707 1.0
0.125 0.09999999999999999 1.0
0.12820512820512822 0.12820512820512822 1.0
0.13157894736842107 0.15789473684210525 1.0
0.13513513513513514 0.1891891891891892 1.0
0.1388888888888889 0.22222222222222218 1.0
0.14285714285714285 0.2571428571428572 1.0
0.14705882352941177 0.29411764705882354 1.0
0.15151515151515152 0.33333333333333337 1.0
0.15625000000000003 0.375 1.0
0.16129032258064516 0.41935483870967744 1.0
0.16666666666666666 0.4666666666666666 1.0
0.1724137931034483 0.5172413793103449 1.0
0.17857142857142858 0.5714285714285714 1.0
0.1851851851851852 0.6296296296296297 1.0
0.1923076923076923 0.6923076923076923 1.0
0.2 0.76 1.0
0.20833333333333334 0.8333333333333334 1.0
0.21739130434782608 0.9130434782608695 1.0
0.22727272727272727 1.0 1.0
0.21739130434782608 1.0 0.9130434782608695
0.20833333333333334 1.0 0.8333333333333334
0.2 1.0 0.76
0.1923076923076923 1.0 0.6923076923076923
0.1851851851851852 1.0 0.6296296296296297
0.17857142857142858 1.0 0.5714285714285714
0.1724137931034483 1.0 0.5172413793103449
0.16666666666666666 1.0 0.4666666666666666
0.16129032258064516 1.0 0.41935483870967744
0.15625000000000003 1.0 0.375
0.15151515151515152 1.0 0.33333333333333337
0.14705882352941177 1.0 0.29411764705882354
0.14285714285714285 1.0 0.2571428571428572
0.1388888888888889 1.0 0.22222222222222218
0.13513513513513514 1.0 0.1891891891891892
0.13157894736842107 1.0 0.15789473684210525
0.12820512820512822 1.0 0.12820512820512822
0.125 1.0 0.09999999999999999
0.12195121951219512 1.0 0.07317073170731707
0.11904761904761905 1.0 0.047619047619047616
0.11627906976744187 1.0 0.023255813953488372
0.11363636363636363 1.0 0.0
0.13953488372093023 0.0 1.0
0.14285714285714285 0.023809523809523808 1.0
0.14634146341463414 0.048780487804878044 1.0
0.15 0.075 1.0
0.15384615384615385 0.10256410256410256 1.0
0.15789473684210525 0.13157894736842107 1.0
0.16216216216216217 0.16216216216216217 1.0
0.16666666666666666 0.19444444444444442 1.0
0.17142857142857143 0.22857142857142854 1.0
0.17647058823529413 0.2647058823529412 1.0
0.18181818181818182 0.30303030303030304 1.0
0.1875 0.34375 1.0
0.1935483870967742 0.3870967741935484 1.0
0.19999999999999998 0.43333333333333335 1.0
0.20689655172413793 0.48275862068965514 1.0
0.2142857142857143 0.5357142857142858 1.0
0.22222222222222224 0.5925925925925926 1.0
0.23076923076923075 0.6538461538461537 1.0
0.24 0.72 1.0
0.25 0.7916666666666666 1.0
0.2608695652173913 0.8695652173913043 1.0
0.2727272727272727 0.9545454545454545 1.0
0.2727272727272727 1.0 0.9545454545454545
0.2608695652173913 1.0 0.8695652173913043
0.25 1.0 0.7916666666666666
0.24 1.0 0.72
0.23076923076923075 1.0 0.6538461538461537
0.22222222222222224 1.0 0.5925925925925926
0.2142857142857143 1.0 0.5357142857142858
0.20689655172413793 1.0 0.48275862068965514
0.19999999999999998 1.0 0.43333333333333335
0.1935483870967742 1.0 0.3870967741935484
0.1875 1.0 0.34375
0.18181818181818182 1.0 0.30303030303030304
0.17647058823529413 1.0 0.2647058823529412
0.17142857142857143 1.0 0.22857142857142854
0.16666666666666666 1.0 0.19444444444444442
0.16216216216216217 1.0 0.16216216216216217
0.15789473684210525 1.0 0.13157894736842107
0.15384615384615385 1.0 0.10256410256410256
0.15 1.0 0.075
0.14634146341463414 1.0 0.048780487804878044
0.14285714285714285 1.0 0.023809523809523808
0.13953488372093023 1.0 0.0
0.16666666666666666 0.0 1.0
0.17073170731707316 0.024390243902439022 1.0
0.175 0.049999999999999996 1.0
0.1794871794871795 0.07692307692307693 1.0
0.18421052631578946 0.10526315789473684 1.0
0.1891891891891892 0.13513513513513514 1.0
0.19444444444444442 0.16666666666666666 1.0
0.19999999999999998 0.19999999999999998 1.0
0.20588235294117646 0.23529411764705882 1.0
0.21212121212121213 0.27272727272727276 1.0
0.21875 0.31250000000000006 1.0
0.2258064516129032 0.3548387096774193 1.0
0.2333333333333333 0.39999999999999997 1.0
0.24137931034482757 0.4482758620689656 1.0
0.25 0.5 1.0
0.25925925925925924 0.5555555555555556 1.0
0.2692307692307692 0.6153846153846153 1.0
0.27999999999999997 0.6799999999999999 1.0
0.29166666666666663 0.7500000000000001 1.0
0.3043478260869565 0.826086956521739 1.0
0.3181818181818182 0.9090909090909091 1.0
0.3333333333333333 1.0 1.0
0.3181818181818182 1.0 0.9090909090909091
0.3043478260869565 1.0 0.826086956521739
0.29166666666666663 1.0 0.7500000000000001
0.27999999999999997 1.0 0.6799999999999999
0.2692307692307692 1.0 0.6153846153846153
0.25925925925925924 1.0 0.5555555555555556
0.25 1.0 0.5
0.24137931034482757 1.0 0.4482758620689656
0.2333333333333333 1.0 0.39999999999999997
0.2258064516129032 1.0 0.3548387096774193
0.21875 1.0 0.31250000000000006
0.21212121212121213 1.0 0.27272727272727276
0.20588235294117646 1.0 0.23529411764705882
0.19999999999999998 1.0 0.19999999999999998
0.19444444444444442 1.0 0.16666666666666666
0.1891891891891892 1.0 0.13513513513513514
0.18421052631578946 1.0 0.10526315789473684
0.1794871794871795 1.0 0.07692307692307693
0.175 1.0 0.049999999999999996
0.17073170731707316 1.0 0.024390243902439022
0.16666666666666666 1.0 0.0
0.19512195121951217 0.0 1.0
0.19999999999999998 0.024999999999999998 1.0
0.20512820512820512 0.05128205128205128 1.0
0.21052631578947367 0.07894736842105263 1.0
0.2162162162162162 0.1081081081081081 1.0
0.22222222222222218 0.1388888888888889 1.0
0.22857142857142854 0.17142857142857143 1.0
0.23529411764705882 0.20588235294117646 1.0
0.2424242424242424 0.2424242424242424 1.0
0.25 0.28125000000000006 1.0
0.2580645161290322 0.3225806451612903 1.0
0.26666666666666666 0.36666666666666664 1.0
0.27586206896551724 0.41379310344827586 1.0
0.2857142857142857 0.46428571428571436 1.0
0.2962962962962963 0.5185185185185185 1.0
0.30769230769230765 0.5769230769230769 1.0
0.31999999999999995 0.6399999999999999 1.0
0.3333333333333333 0.7083333333333334 1.0
0.3478260869565217 0.782608695652174 1.0
0.3636363636363636 0.8636363636363636 1.0
0.38095238095238093 0.9523809523809524 1.0
0.38095238095238093 1.0 0.9523809523809524
0.3636363636363636 1.0 0.8636363636363636
0.3478260869565217 1.0 0.782608695652174
0.3333333333333333 1.0 0.7083333333333334
0.31999999999999995 1.0 0.6399999999999999
0.30769230769230765 1.0 0.5769230769230769
0.2962962962962963 1.0 0.5185185185185185
0.2857142857142857 1.0 0.46428571428571436
0.27586206896551724 1.0 0.41379310344827586
0.26666666666666666 1.0 0.36666666666666664
0.2580645161290322 1.0 0.3225806451612903
0.25 1.0 0.28125000000000006
0.2424242424242424 1.0 0.2424242424242424
0.23529411764705882 1.0 0.20588235294117646
0.22857142857142854 1.0 0.17142857142857143
0.22222222222222218 1.0 0.1388888888888889
0.2162162162162162 1.0 0.1081081081081081
0.21052631578947367 1.0 0.07894736842105263
0.20512820512820512 1.0 0.05128205128205128
0.19999999999999998 1.0 0.024999999999999998
0.19512195121951217 1.0 0.0
0.225 0.0 1.0
0.23076923076923078 0.02564102564102564 1.0
0.2368421052631579 0.05263157894736842 1.0
0.24324324324324328 0.08108108108108109 1.0
0.25 0.11111111111111109 1.0
0.2571428571428572 0.14285714285714285 1.0
0.2647058823529412 0.17647058823529413 1.0
0.27272727272727276 0.21212121212121213 1.0
0.28125000000000006 0.25 1.0
0.2903225806451613 0.2903225806451613 1.0
0.3 0.3333333333333333 1.0
0.3103448275862069 0.3793103448275862 1.0
0.32142857142857145 0.4285714285714286 1.0
0.33333333333333337 0.48148148148148157 1.0
0.34615384615384615 0.5384615384615384 1.0
0.36 0.6 1.0
0.37500000000000006 0.6666666666666666 1.0
0.391304347826087 0.7391304347826086 1.0
0.4090909090909091 0.8181818181818182 1.0
0.4285714285714286 0.9047619047619048 1.0
0.45 1.0 1.0
0.4285714285714286 1.0 0.9047619047619048
0.4090909090909091 1.0 0.8181818181818182
0.391304347826087 1.0 0.7391304347826086
0.37500000000000006 1.0 0.6666666666666666
0.36 1.0 0.6
0.34615384615384615 1.0 0.5384615384615384
0.33333333333333337 1.0 0.48148148148148157
0.32142857142857145 1.0 0.4285714285714286
0.3103448275862069 1.0 0.3793103448275862
0.3 1.0 0.3333333333333333
0.2903225806451613 1.0 0.2903225806451613
0.28125000000000006 1.0 0.25
0.27272727272727276 1.0 0.21212121212121213
0.2647058823529412 1.0 0.17647058823529413
0.2571428571428572 1.0 0.14285714285714285
0.25 1.0 0.11111111111111109
0.24324324324324328 1.0 0.08108108108108109
0.2368421052631579 1.0 0.05263157894736842
0.23076923076923078 1.0 0.02564102564102564
0.225 1.0 0.0
0.25641025641025644 0.0 1.0
0.26315789473684215 0.02631578947368421 1.0
0.2702702702702703 0.05405405405405405 1.0
0.2777777777777778 0.08333333333333333 1.0
0.2857142857142857 0.11428571428571427 1.0
0.29411764705882354 0.14705882352941177 1.0
0.30303030303030304 0.18181818181818182 1.0
0.31250000000000006 0.21875 1.0
0.3225806451612903 0.2580645161290322 1.0
0.3333333333333333 0.3 1.0
0.3448275862068966 0.3448275862068966 1.0
0.35714285714285715 0.3928571428571429 1.0
0.3703703703703704 0.4444444444444445 1.0
0.3846153846153846 0.5 1.0
0.4 0.5599999999999999 1.0
0.4166666666666667 0.625 1.0
0.43478260869565216 0.6956521739130433 1.0
0.45454545454545453 0.7727272727272727 1.0
0.4761904761904762 0.8571428571428572 1.0
0.5 0.95 1.0
0.5 1.0 0.95
0.4761904761904762 1.0 0.8571428571428572
0.45454545454545453 1.0 0.7727272727272727
0.43478260869565216 1.0 0.6956521739130433
0.4166666666666667 1.0 0.625
0.4 1.0 0.5599999999999999
0.3846153846153846 1.0 0.5
0.3703703703703704 1.0 0.4444444444444445
0.35714285714285715 1.0 0.3928571428571429
0.3448275862068966 1.0 0.3448275862068966
0.3333333333333333 1.0 0.3
0.3225806451612903 1.0 0.2580645161290322
0.31250000000000006 1.0 0.21875
0.30303030303030304 1.0 0.18181818181818182
0.29411764705882354 1.0 0.14705882352941177
0.2857142857142857 1.0 0.11428571428571427
0.2777777777777778 1.0 0.08333333333333333
0.2702702702702703 1.0 0.05405405405405405
0.26315789473684215 1.0 0.02631578947368421
0.25641025641025644 1.0 0.0
0.2894736842105263 0.0 1.0
0.2972972972972973 0.027027027027027025 1.0
0.3055555555555555 0.055555555555555546 1.0
0.3142857142857143 0.08571428571428572 1.0
0.3235294117647059 0.11764705882352941 1.0
0.33333333333333337 0.15151515151515152 1.0
0.34375 0.1875 1.0
0.3548387096774193 0.2258064516129032 1.0
0.36666666666666664 0.26666666666666666 1.0
0.3793103448275862 0.3103448275862069 1.0
0.3928571428571429 0.35714285714285715 1.0
0.40740740740740744 0.40740740740740744 1.0
0.4230769230769231 0.4615384615384615 1.0
0.44 0.52 1.0
0.45833333333333337 0.5833333333333333 1.0
0.47826086956521735 0.6521739130434783 1.0
0.5 0.7272727272727272 1.0
0.5238095238095238 0.8095238095238095 1.0
0.5499999999999999 0.9 1.0
0.5789473684210527 1.0 1.0
0.5499999999999999 1.0 0.9
0.5238095238095238 1.0 0.8095238095238095
0.5 1.0 0.7272727272727272
0.47826086956521735 1.0 0.6521739130434783
0.45833333333333337 1.0 0.5833333333333333
0.44 1.0 0.52
0.4230769230769231 1.0 0.4615384615384615
0.40740740740740744 1.0 0.40740740740740744
0.3928571428571429 1.0 0.35714285714285715
0.3793103448275862 1.0 0.3103448275862069
0.36666666666666664 1.0 0.26666666666666666
0.3548387096774193 1.0 0.2258064516129032
0.34375 1.0 0.1875
0.33333333333333337 1.0 0.15151515151515152
0.3235294117647059 1.0 0.11764705882352941
0.3142857142857143 1.0 0.08571428571428572
0.3055555555555555 1.0 0.055555555555555546
0.2972972972972973 1.0 0.027027027027027025
0.2894736842105263 1.0 0.0
0.32432432432432434 0.0 1.0
0.3333333333333333 0.027777777777777773 1.0
0.34285714285714286 0.057142857142857134 1.0
0.35294117647058826 0.08823529411764706 1.0
0.36363636363636365 0.1212121212121212 1.0
0.375 0.15625000000000003 1.0
0.3870967741935484 0.1935483870967742 1.0
0.39999999999999997 0.2333333333333333 1.0
0.41379310344827586 0.27586206896551724 1.0
0.4285714285714286 0.32142857142857145 1.0
0.4444444444444445 0.3703703703703704 1.0
0.4615384615384615 0.4230769230769231 1.0
0.48 0.48 1.0
0.5 0.5416666666666667 1.0
0.5217391304347826 0.608695652173913 1.0
0.5454545454545454 0.6818181818181819 1.0
0.5714285714285714 0.7619047619047619 1.0
0.6 0.85 1.0
0.631578947368421 0.9473684210526316 1.0
0.631578947368421 1.0 0.9473684210526316
0.6 1.0 0.85
0.5714285714285714 1.0 0.7619047619047619
0.5454545454545454 1.0 0.6818181818181819
0.5217391304347826 1.0 0.608695652173913
0.5 1.0 0.5416666666666667
0.48 1.0 0.48
0.4615384615384615 1.0 0.4230769230769231
0.4444444444444445 1.0 0.3703703703703704
0.4285714285714286 1.0 0.32142857142857145
0.41379310344827586 1.0 0.27586206896551724
0.39999999999999997 1.0 0.2333333333333333
0.3870967741935484 1.0 0.1935483870967742
0.375 1.0 0.15625000000000003
0.36363636363636365 1.0 0.1212121212121212
0.35294117647058826 1.0 0.08823529411764706
0.34285714285714286 1.0 0.057142857142857134
0.3333333333333333 1.0 0.027777777777777773
0.32432432432432434 1.0 0.0
0.3611111111111111 0.0 1.0
0.37142857142857144 0.028571428571428567 1.0
0.3823529411764706 0.058823529411764705 1.0
0.393939393939394 0.09090909090909091 1.0
0.40625000000000006 0.125 1.0
0.41935483870967744 0.16129032258064516 1.0
0.43333333333333335 0.19999999999999998 1.0
0.4482758620689656 0.24137931034482757 1.0
0.46428571428571436 0.2857142857142857 1.0
0.48148148148148157 0.33333333333333337 1.0
0.5 0.3846153846153846 1.0
0.52 0.44 1.0
0.5416666666666667 0.5 1.0
0.5652173913043478 0.5652173913043478 1.0
0.5909090909090909 0.6363636363636364 1.0
0.6190476190476191 0.7142857142857143 1.0
0.65 0.7999999999999999 1.0
0.6842105263157895 0.8947368421052632 1.0
0.7222222222222222 1.0 1.0
0.6842105263157895 1.0 0.8947368421052632
0.65 1.0 0.7999999999999999
0.6190476190476191 1.0 0.7142857142857143
0.5909090909090909 1.0 0.6363636363636364
0.5652173913043478 1.0 0.5652173913043478
0.5416666666666667 1.0 0.5
0.52 1.0 0.44
0.5 1.0 0.3846153846153846
0.48148148148148157 1.0 0.33333333333333337
0.46428571428571436 1.0 0.2857142857142857
0.4482758620689656 1.0 0.24137931034482757
0.43333333333333335 1.0 0.19999999999999998
0.41935483870967744 1.0 0.16129032258064516
0.40625000000000006 1.0 0.125
0.393939393939394 1.0 0.09090909090909091
0.3823529411764706 1.0 0.058823529411764705
0.37142857142857144 1.0 0.028571428571428567
0.3611111111111111 1.0 0.0
0.39999999999999997 0.0 1.0
0.4117647058823529 0.029411764705882353 1.0
0.42424242424242425 0.0606060606060606 1.0
0.4375 0.09375 1.0
0.4516129032258064 0.1290322580645161 1.0
0.4666666666666666 0.16666666666666666 1.0
0.48275862068965514 0.20689655172413793 1.0
0.5 0.25 1.0
0.5185185185185185 0.2962962962962963 1.0
0.5384615384615384 0.34615384615384615 1.0
0.5599999999999999 0.4 1.0
0.5833333333333333 0.45833333333333337 1.0
0.608695652173913 0.5217391304347826 1.0
0.6363636363636364 0.5909090909090909 1.0
0.6666666666666666 0.6666666666666666 1.0
0.7 0.75 1.0
0.7368421052631579 0.8421052631578947 1.0
0.7777777777777777 0.9444444444444444 1.0
0.7777777777777777 1.0 0.9444444444444444
0.7368421052631579 1.0 0.8421052631578947
0.7 1.0 0.75
0.6666666666666666 1.0 0.6666666666666666
0.6363636363636364 1.0 0.5909090909090909
0.608695652173913 1.0 0.5217391304347826
0.5833333333333333 1.0 0.45833333333333337
0.5599999999999999 1.0 0.4
0.5384615384615384 1.0 0.34615384615384615
0.5185185185185185 1.0 0.2962962962962963
0.5 1.0 0.25
0.48275862068965514 1.0 0.20689655172413793
0.4666666666666666 1.0 0.16666666666666666
0.4516129032258064 1.0 0.1290322580645161
0.4375 1.0 0.09375
0.42424242424242425 1.0 0.0606060606060606
0.4117647058823529 1.0 0.029411764705882353
0.39999999999999997 1.0 0.0
0.4411764705882353 0.0 1.0
0.4545454545454546 0.0303030303030303 1.0
0.46875000000000006 0.0625 1.0
0.48387096774193544 0.0967741935483871 1.0
0.5 0.13333333333333333 1.0
0.5172413793103449 0.1724137931034483 1.0
0.5357142857142858 0.2142857142857143 1.0
0.5555555555555556 0.25925925925925924 1.0
0.5769230769230769 0.30769230769230765 1.0
0.6 0.36 1.0
0.625 0.4166666666666667 1.0
0.6521739130434783 0.47826086956521735 1.0
0.6818181818181819 0.5454545454545454 1.0
0.7142857142857143 0.6190476190476191 1.0
0.75 0.7 1.0
0.7894736842105263 0.7894736842105263 1.0
0.8333333333333333 0.8888888888888887 1.0
0.8823529411764706 1.0 1.0
0.8333333333333333 1.0 0.8888888888888887
0.7894736842105263 1.0 0.7894736842105263
0.75 1.0 0.7
0.7142857142857143 1.0 0.6190476190476191
0.6818181818181819 1.0 0.5454545454545454
0.6521739130434783 1.0 0.47826086956521735
0.625 1.0 0.4166666666666667
0.6 1.0 0.36
0.5769230769230769 1.0 0.30769230769230765
0.5555555555555556 1.0 0.25925925925925924
0.5357142857142858 1.0 0.2142857142857143
0.5172413793103449 1.0 0.1724137931034483
0.5 1.0 0.13333333333333333
0.48387096774193544 1.0 0.0967741935483871
0.46875000000000006 1.0 0.0625
0.4545454545454546 1.0 0.0303030303030303
0.4411764705882353 1.0 0.0
0.4848484848484848 0.0 1.0
0.5 0.03125 1.0
0.5161290322580644 0.06451612903225805 1.0
0.5333333333333333 0.09999999999999999 1.0
0.5517241379310345 0.13793103448275862 1.0
0.5714285714285714 0.17857142857142858 1.0
0.5925925925925926 0.22222222222222224 1.0
0.6153846153846153 0.2692307692307692 1.0
0.6399999999999999 0.31999999999999995 1.0
0.6666666666666666 0.37500000000000006 1.0
0.6956521739130433 0.43478260869565216 1.0
0.7272727272727272 0.5 1.0
0.7619047619047619 0.5714285714285714 1.0
0.7999999999999999 0.65 1.0
0.8421052631578947 0.7368421052631579 1.0
0.8888888888888887 0.8333333333333333 1.0
0.9411764705882353 0.9411764705882353 1.0
0.9411764705882353 1.0 0.9411764705882353
0.8888888888888887 1.0 0.8333333333333333
0.8421052631578947 1.0 0.7368421052631579
0.7999999999999999 1.0 0.65
0.7619047619047619 1.0 0.5714285714285714
0.7272727272727272 1.0 0.5
0.6956521739130433 1.0 0.43478260869565216
0.6666666666666666 1.0 0.37500000000000006
0.6399999999999999 1.0 0.31999999999999995
0.6153846153846153 1.0 0.2692307692307692
0.5925925925925926 1.0 0.22222222222222224
0.5714285714285714 1.0 0.17857142857142858
0.5517241379310345 1.0 0.13793103448275862
0.5333333333333333 1.0 0.09999999999999999
0.5161290322580644 1.0 0.06451612903225805
0.5 1.0 0.03125
0.4848484848484848 1.0 0.0
0.53125 0.0 1.0
0.5483870967741935 0.032258064516129024 1.0
0.5666666666666667 0.06666666666666667 1.0
0.5862068965517241 0.10344827586206896 1.0
0.6071428571428572 0.14285714285714285 1.0
0.6296296296296297 0.1851851851851852 1.0
0.6538461538461537 0.23076923076923075 1.0
0.6799999999999999 0.27999999999999997 1.0
0.7083333333333334 0.3333333333333333 1.0
0.7391304347826086 0.391304347826087 1.0
0.7727272727272727 0.45454545454545453 1.0
0.8095238095238095 0.5238095238095238 1.0
0.85 0.6 1.0
0.8947368421052632 0.6842105263157895 1.0
0.9444444444444444 0.7777777777777777 1.0
1.0 0.8823529411764706 1.0
1.0 0.9411764705882353 0.9411764705882353
1.0 1.0 0.8823529411764706
0.9444444444444444 1.0 0.7777777777777777
0.8947368421052632 1.0 0.6842105263157895
0.85 1.0 0.6
0.8095238095238095 1.0 0.5238095238095238
0.7727272727272727 1.0 0.45454545454545453
0.7391304347826086 1.0 0.391304347826087
0.7083333333333334 1.0 0.3333333333333333
0.6799999999999999 1.0 0.27999999999999997
0.6538461538461537 1.0 0.23076923076923075
0.6296296296296297 1.0 0.1851851851851852
0.6071428571428572 1.0 0.14285714285714285
0.5862068965517241 1.0 0.10344827586206896
0.5666666666666667 1.0 0.06666666666666667
0.5483870967741935 1.0 0.032258064516129024
0.53125 1.0 0.0
0.5806451612903226 0.0 1.0
0.6 0.03333333333333333 1.0
0.6206896551724138 0.06896551724137931 1.0
0.6428571428571429 0.10714285714285715 1.0
0.6666666666666667 0.14814814814814814 1.0
0.6923076923076923 0.1923076923076923 1.0
0.72 0.24 1.0
0.7500000000000001 0.29166666666666663 1.0
0.782608695652174 0.3478260869565217 1.0
0.8181818181818182 0.4090909090909091 1.0
0.8571428571428572 0.4761904761904762 1.0
0.9 0.5499999999999999 1.0
0.9473684210526316 0.631578947368421 1.0
1.0 0.7222222222222222 1.0
1.0 0.7777777777777777 0.9444444444444444
1.0 0.8333333333333333 0.8888888888888887
1.0 0.8888888888888887 0.8333333333333333
1.0 0.9444444444444444 0.7777777777777777
1.0 1.0 0.7222222222222222
0.9473684210526316 1.0 0.631578947368421
0.9 1.0 0.5499999999999999
0.8571428571428572 1.0 0.4761904761904762
0.8181818181818182 1.0 0.4090909090909091
0.782608695652174 1.0 0.3478260869565217
0.7500000000000001 1.0 0.29166666666666663
0.72 1.0 0.24
0.6923076923076923 1.0 0.1923076923076923
0.6666666666666667 1.0 0.14814814814814814
0.6428571428571429 1.0 0.10714285714285715
0.6206896551724138 1.0 0.06896551724137931
0.6 1.0 0.03333333333333333
0.5806451612903226 1.0 0.0
0.6333333333333333 0.0 1.0
0.6551724137931034 0.034482758620689655 1.0
0.6785714285714286 0.07142857142857142 1.0
0.7037037037037037 0.11111111111111112 1.0
0.7307692307692307 0.15384615384615383 1.0
0.76 0.2 1.0
0.7916666666666666 0.25 1.0
0.826086956521739 0.3043478260869565 1.0
0.8636363636363636 0.3636363636363636 1.0
0.9047619047619048 0.4285714285714286 1.0
0.95 0.5 1.0
1.0 0.5789473684210527 1.0
1.0 0.631578947368421 0.9473684210526316
1.0 0.6842105263157895 0.8947368421052632
1.0 0.7368421052631579 0.8421052631578947
1.0 0.7894736842105263 0.7894736842105263
1.0 0.8421052631578947 0.7368421052631579
1.0 0.8947368421052632 0.6842105263157895
1.0 0.9473684210526316 0.631578947368421
1.0 1.0 0.5789473684210527
0.95 1.0 0.5
0.9047619047619048 1.0 0.4285714285714286
0.8636363636363636 1.0 0.3636363636363636
0.826086956521739 1.0 0.3043478260869565
0.7916666666666666 1.0 0.25
0.76 1.0 0.2
0.7307692307692307 1.0 0.15384615384615383
0.7037037037037037 1.0 0.11111111111111112
0.6785714285714286 1.0 0.07142857142857142
0.6551724137931034 1.0 0.034482758620689655
0.6333333333333333 1.0 0.0
0.6896551724137931 0.0 1.0
0.7142857142857143 0.03571428571428571 1.0
0.7407407407407408 0.07407407407407407 1.0
0.7692307692307692 0.11538461538461538 1.0
0.8 0.15999999999999998 1.0
0.8333333333333334 0.20833333333333334 1.0
0.8695652173913043 0.2608695652173913 1.0
0.9090909090909091 0.3181818181818182 1.0
0.9523809523809524 0.38095238095238093 1.0
1.0 0.45 1.0
1.0 0.5 0.95
1.0 0.5499999999999999 0.9
1.0 0.6 0.85
1.0 0.65 0.7999999999999999
1.0 0.7 0.75
1.0 0.75 0.7
1.0 0.7999999999999999 0.65
1.0 0.85 0.6
1.0 0.9 0.5499999999999999
1.0 0.95 0.5
1.0 1.0 0.45
0.9523809523809524 1.0 0.38095238095238093
0.9090909090909091 1.0 0.3181818181818182
0.8695652173913043 1.0 0.2608695652173913
0.8333333333333334 1.0 0.20833333333333334
0.8 1.0 0.15999999999999998
0.7692307692307692 1.0 0.11538461538461538
0.7407407407407408 1.0 0.07407407407407407
0.7142857142857143 1.0 0.03571428571428571
0.6896551724137931 1.0 0.0
0.75 0.0 1.0
0.7777777777777778 0.037037037037037035 1.0
0.8076923076923076 0.07692307692307691 1.0
0.84 0.12 1.0
0.875 0.16666666666666666 1.0
0.9130434782608695 0.21739130434782608 1.0
0.9545454545454545 0.2727272727272727 1.0
1.0 0.3333333333333333 1.0
1.0 0.38095238095238093 0.9523809523809524
1.0 0.4285714285714286 0.9047619047619048
1.0 0.4761904761904762 0.8571428571428572
1.0 0.5238095238095238 0.8095238095238095
1.0 0.5714285714285714 0.7619047619047619
1.0 0.6190476190476191 0.7142857142857143
1.0 0.6666666666666666 0.6666666666666666
1.0 0.7142857142857143 0.6190476190476191
1.0 0.7619047619047619 0.5714285714285714
1.0 0.8095238095238095 0.5238095238095238
1.0 0.8571428571428572 0.4761904761904762
1.0 0.9047619047619048 0.4285714285714286
1.0 0.9523809523809524 0.38095238095238093
1.0 1.0 0.3333333333333333
0.9545454545454545 1.0 0.2727272727272727
0.9130434782608695 1.0 0.21739130434782608
0.875 1.0 0.16666666666666666
0.84 1.0 0.12
0.8076923076923076 1.0 0.07692307692307691
0.7777777777777778 1.0 0.037037037037037035
0.75 1.0 0.0
0.8148148148148149 0.0 1.0
0.8461538461538461 0.03846153846153846 1.0
0.88 0.07999999999999999 1.0
0.9166666666666667 0.125 1.0
0.9565217391304347 0.17391304347826084 1.0
1.0 0.22727272727272727 1.0
1.0 0.2727272727272727 0.9545454545454545
1.0 0.3181818181818182 0.9090909090909091
1.0 0.3636363636363636 0.8636363636363636
1.0 0.4090909090909091 0.8181818181818182
1.0 0.45454545454545453 0.7727272727272727
1.0 0.5 0.7272727272727272
1.0 0.5454545454545454 0.6818181818181819
1.0 0.5909090909090909 0.6363636363636364
1.0 0.6363636363636364 0.5909090909090909
1.0 0.6818181818181819 0.5454545454545454
1.0 0.7272727272727272 0.5
1.0 0.7727272727272727 0.45454545454545453
1.0 0.8181818181818182 0.4090909090909091
1.0 0.8636363636363636 0.3636363636363636
1.0 0.9090909090909091 0.3181818181818182
1.0 0.9545454545454545 0.2727272727272727
1.0 1.0 0.22727272727272727
0.9565217391304347 1.0 0.17391304347826084
0.9166666666666667 1.0 0.125
0.88 1.0 0.07999999999999999
0.8461538461538461 1.0 0.03846153846153846
0.8148148148148149 1.0 0.0
0.8846153846153846 0.0 1.0
0.92 0.039999999999999994 1.0
0.9583333333333334 0.08333333333333333 1.0
1.0 0.13043478260869565 1.0
1.0 0.17391304347826084 0.9565217391304347
1.0 0.21739130434782608 0.9130434782608695
1.0 0.2608695652173913 0.8695652173913043
1.0 0.3043478260869565 0.826086956521739
1.0 0.3478260869565217 0.782608695652174
1.0 0.391304347826087 0.7391304347826086
1.0 0.43478260869565216 0.6956521739130433
1.0 0.47826086956521735 0.6521739130434783
1.0 0.5217391304347826 0.608695652173913
1.0 0.5652173913043478 0.5652173913043478
1.0 0.608695652173913 0.5217391304347826
1.0 0.6521739130434783 0.47826086956521735
1.0 0.6956521739130433 0.43478260869565216
1.0 0.7391304347826086 0.391304347826087
1.0 0.782608695652174 0.3478260869565217
1.0 0.826086956521739 0.3043478260869565
1.0 0.8695652173913043 0.2608695652173913
1.0 0.9130434782608695 0.21739130434782608
1.0 0.9565217391304347 0.17391304347826084
1.0 1.0 0.13043478260869565
0.9583333333333334 1.0 0.08333333333333333
0.92 1.0 0.039999999999999994
0.8846153846153846 1.0 0.0
0.96 0.0 1.0
1.0 0.041666666666666664 1.0
1.0 0.08333333333333333 0.9583333333333334
1.0 0.125 0.9166666666666667
1.0 0.16666666666666666 0.875
1.0 0.20833333333333334 0.8333333333333334
1.0 0.25 0.7916666666666666
1.0 0.29166666666666663 0.7500000000000001
1.0 0.3333333333333333 0.7083333333333334
1.0 0.37500000000000006 0.6666666666666666
1.0 0.4166666666666667 0.625
1.0 0.45833333333333337 0.5833333333333333
1.0 0.5 0.5416666666666667
1.0 0.5416666666666667 0.5
1.0 0.5833333333333333 0.45833333333333337
1.0 0.625 0.4166666666666667
1.0 0.6666666666666666 0.37500000000000006
1.0 0.7083333333333334 0.3333333333333333
1.0 0.7500000000000001 0.29166666666666663
1.0 0.7916666666666666 0.25
1.0 0.8333333333333334 0.20833333333333334
1.0 0.875 0.16666666666666666
1.0 0.9166666666666667 0.125
1.0 0.9583333333333334 0.08333333333333333
1.0 1.0 0.041666666666666664
0.96 1.0 0.0
1.0 0.0 0.96
1.0 0.039999999999999994 0.92
1.0 0.07999999999999999 0.88
1.0 0.12 0.84
1.0 0.15999999999999998 0.8
1.0 0.2 0.76
1.0 0.24 0.72
1.0 0.27999999999999997 0.6799999999999999
1.0 0.31999999999999995 0.6399999999999999
1.0 0.36 0.6
1.0 0.4 0.5599999999999999
1.0 0.44 0.52
1.0 0.48 0.48
1.0 0.52 0.44
1.0 0.5599999999999999 0.4
1.0 0.6 0.36
1.0 0.6399999999999999 0.31999999999999995
1.0 0.6799999999999999 0.27999999999999997
1.0 0.72 0.24
1.0 0.76 0.2
1.0 0.8 0.15999999999999998
1.0 0.84 0.12
1.0 0.88 0.07999999999999999
1.0 0.92 0.039999999999999994
1.0 0.96 0.0
1.0 0.0 0.8846153846153846
1.0 0.03846153846153846 0.8461538461538461
1.0 0.07692307692307691 0.8076923076923076
1.0 0.11538461538461538 0.7692307692307692
1.0 0.15384615384615383 0.7307692307692307
1.0 0.1923076923076923 0.6923076923076923
1.0 0.23076923076923075 0.6538461538461537
1.0 0.2692307692307692 0.6153846153846153
1.0 0.30769230769230765 0.5769230769230769
1.0 0.34615384615384615 0.5384615384615384
1.0 0.3846153846153846 0.5
1.0 0.4230769230769231 0.4615384615384615
1.0 0.4615384615384615 0.4230769230769231
1.0 0.5 0.3846153846153846
1.0 0.5384615384615384 0.34615384615384615
1.0 0.5769230769230769 0.30769230769230765
1.0 0.6153846153846153 0.2692307692307692
1.0 0.6538461538461537 0.23076923076923075
1.0 0.6923076923076923 0.1923076923076923
1.0 0.7307692307692307 0.15384615384615383
1.0 0.7692307692307692 0.11538461538461538
1.0 0.8076923076923076 0.07692307692307691
1.0 0.8461538461538461 0.03846153846153846
1.0 0.8846153846153846 0.0
1.0 0.0 0.8148148148148149
1.0 0.037037037037037035 0.7777777777777778
1.0 0.07407407407407407 0.7407407407407408
1.0 0.11111111111111112 0.7037037037037037
1.0 0.14814814814814814 0.6666666666666667
1.0 0.1851851851851852 0.6296296296296297
1.0 0.22222222222222224 0.5925925925925926
1.0 0.25925925925925924 0.5555555555555556
1.0 0.2962962962962963 0.5185185185185185
1.0 0.33333333333333337 0.48148148148148157
1.0 0.3703703703703704 0.4444444444444445
1.0 0.40740740740740744 0.40740740740740744
1.0 0.4444444444444445 0.3703703703703704
1.0 0.48148148148148157 0.33333333333333337
1.0 0.5185185185185185 0.2962962962962963
1.0 0.5555555555555556 0.25925925925925924
1.0 0.5925925925925926 0.22222222222222224
1.0 0.6296296296296297 0.1851851851851852
1.0 0.6666666666666667 0.14814814814814814
1.0 0.7037037037037037 0.11111111111111112
1.0 0.7407407407407408 0.07407407407407407
1.0 0.7777777777777778 0.037037037037037035
1.0 0.8148148148148149 0.0
1.0 0.0 0.75
1.0 0.03571428571428571 0.7142857142857143
1.0 0.07142857142857142 0.6785714285714286
1.0 0.10714285714285715 0.6428571428571429
1.0 0.14285714285714285 0.6071428571428572
1.0 0.17857142857142858 0.5714285714285714
1.0 0.2142857142857143 0.5357142857142858
1.0 0.25 0.5
1.0 0.2857142857142857 0.46428571428571436
1.0 0.32142857142857145 0.4285714285714286
1.0 0.35714285714285715 0.3928571428571429
1.0 0.3928571428571429 0.35714285714285715
1.0 0.4285714285714286 0.32142857142857145
1.0 0.46428571428571436 0.2857142857142857
1.0 0.5 0.25
1.0 0.5357142857142858 0.2142857142857143
1.0 0.5714285714285714 0.17857142857142858
1.0 0.6071428571428572 0.14285714285714285
1.0 0.6428571428571429 0.10714285714285715
1.0 0.6785714285714286 0.07142857142857142
1.0 0.7142857142857143 0.03571428571428571
1.0 0.75 0.0
1.0 0.0 0.6896551724137931
1.0 0.034482758620689655 0.6551724137931034
1.0 0.06896551724137931 0.6206896551724138
1.0 0.10344827586206896 0.5862068965517241
1.0 0.13793103448275862 0.5517241379310345
1.0 0.1724137931034483 0.5172413793103449
1.0 0.20689655172413793 0.48275862068965514
1.0 0.24137931034482757 0.4482758620689656
1.0 0.27586206896551724 0.41379310344827586
1.0 0.3103448275862069 0.3793103448275862
1.0 0.3448275862068966 0.3448275862068966
1.0 0.3793103448275862 0.3103448275862069
1.0 0.41379310344827586 0.27586206896551724
1.0 0.4482758620689656 0.24137931034482757
1.0 0.48275862068965514 0.20689655172413793
1.0 0.5172413793103449 0.1724137931034483
1.0 0.5517241379310345 0.13793103448275862
1.0 0.5862068965517241 0.10344827586206896
1.0 0.6206896551724138 0.06896551724137931
1.0 0.6551724137931034 0.034482758620689655
1.0 0.6896551724137931 0.0
1.0 0.0 0.6333333333333333
1.0 0.03333333333333333 0.6
1.0 0.06666666666666667 0.5666666666666667
1.0 0.09999999999999999 0.5333333333333333
1.0 0.13333333333333333 0.5
1.0 0.16666666666666666 0.4666666666666666
1.0 0.19999999999999998 0.43333333333333335
1.0 0.2333333333333333 0.39999999999999997
1.0 0.26666666666666666 0.36666666666666664
1.0 0.3 0.3333333333333333
1.0 0.3333333333333333 0.3
1.0 0.36666666666666664 0.26666666666666666
1.0 0.39999999999999997 0.2333333333333333
1.0 0.43333333333333335 0.19999999999999998
1.0 0.4666666666666666 0.16666666666666666
1.0 0.5 0.13333333333333333
1.0 0.5333333333333333 0.09999999999999999
1.0 0.5666666666666667 0.06666666666666667
1.0 0.6 0.03333333333333333
1.0 0.6333333333333333 0.0
1.0 0.0 0.5806451612903226
1.0 0.032258064516129024 0.5483870967741935
1.0 0.06451612903225805 0.5161290322580644
1.0 0.0967741935483871 0.48387096774193544
1.0 0.1290322580645161 0.4516129032258064
1.0 0.16129032258064516 0.41935483870967744
1.0 0.1935483870967742 0.3870967741935484
1.0 0.2258064516129032 0.3548387096774193
1.0 0.2580645161290322 0.3225806451612903
1.0 0.2903225806451613 0.2903225806451613
1.0 0.3225806451612903 0.2580645161290322
1.0 0.3548387096774193 0.2258064516129032
1.0 0.3870967741935484 0.1935483870967742
1.0 0.41935483870967744 0.16129032258064516
1.0 0.4516129032258064 0.1290322580645161
1.0 0.48387096774193544 0.0967741935483871
1.0 0.5161290322580644 0.06451612903225805
1.0 0.5483870967741935 0.032258064516129024
1.0 0.5806451612903226 0.0
1.0 0.0 0.53125
1.0 0.03125 0.5
1.0 0.0625 0.46875000000000006
1.0 0.09375 0.4375
1.0 0.125 0.40625000000000006
1.0 0.15625000000000003 0.375
1.0 0.1875 0.34375
1.0 0.21875 0.31250000000000006
1.0 0.25 0.28125000000000006
1.0 0.28125000000000006 0.25
1.0 0.31250000000000006 0.21875
1.0 0.34375 0.1875
1.0 0.375 0.15625000000000003
1.0 0.40625000000000006 0.125
1.0 0.4375 0.09375
1.0 0.46875000000000006 0.0625
1.0 0.5 0.03125
1.0 0.53125 0.0
1.0 0.0 0.4848484848484848
1.0 0.0303030303030303 0.4545454545454546
1.0 0.0606060606060606 0.42424242424242425
1.0 0.09090909090909091 0.393939393939394
1.0 0.1212121212121212 0.36363636363636365
1.0 0.15151515151515152 0.33333333333333337
1.0 0.18181818181818182 0.30303030303030304
1.0 0.21212121212121213 0.27272727272727276
1.0 0.2424242424242424 0.2424242424242424
1.0 0.27272727272727276 0.21212121212121213
1.0 0.30303030303030304 0.18181818181818182
1.0 0.33333333333333337 0.15151515151515152
1.0 0.36363636363636365 0.1212121212121212
1.0 0.393939393939394 0.09090909090909091
1.0 0.42424242424242425 0.0606060606060606
1.0 0.4545454545454546 0.0303030303030303
1.0 0.4848484848484848 0.0
1.0 0.0 0.4411764705882353
1.0 0.029411764705882353 0.4117647058823529
1.0 0.058823529411764705 0.3823529411764706
1.0 0.08823529411764706 0.35294117647058826
1.0 0.11764705882352941 0.3235294117647059
1.0 0.14705882352941177 0.29411764705882354
1.0 0.17647058823529413 0.2647058823529412
1.0 0.20588235294117646 0.23529411764705882
1.0 0.23529411764705882 0.20588235294117646
1.0 0.2647058823529412 0.17647058823529413
1.0 0.29411764705882354 0.14705882352941177
1.0 0.3235294117647059 0.11764705882352941
1.0 0.35294117647058826 0.08823529411764706
1.0 0.3823529411764706 0.058823529411764705
1.0 0.4117647058823529 0.029411764705882353
1.0 0.4411764705882353 0.0
1.0 0.0 0.39999999999999997
1.0 0.028571428571428567 0.37142857142857144
1.0 0.057142857142857134 0.34285714285714286
1.0 0.08571428571428572 0.3142857142857143
1.0 0.11428571428571427 0.2857142857142857
1.0 0.14285714285714285 0.2571428571428572
1.0 0.17142857142857143 0.22857142857142854
1.0 0.19999999999999998 0.19999999999999998
1.0 0.22857142857142854 0.17142857142857143
1.0 0.2571428571428572 0.14285714285714285
1.0 0.2857142857142857 0.11428571428571427
1.0 0.3142857142857143 0.08571428571428572
1.0 0.34285714285714286 0.057142857142857134
1.0 0.37142857142857144 0.028571428571428567
1.0 0.39999999999999997 0.0
1.0 0.0 0.3611111111111111
1.0 0.027777777777777773 0.3333333333333333
1.0 0.055555555555555546 0.3055555555555555
1.0 0.08333333333333333 0.2777777777777778
1.0 0.11111111111111109 0.25
1.0 0.1388888888888889 0.22222222222222218
1.0 0.16666666666666666 0.19444444444444442
1.0 0.19444444444444442 0.16666666666666666
1.0 0.22222222222222218 0.1388888888888889
1.0 0.25 0.11111111111111109
1.0 0.2777777777777778 0.08333333333333333
1.0 0.3055555555555555 0.055555555555555546
1.0 0.3333333333333333 0.027777777777777773
1.0 0.3611111111111111 0.0
1.0 0.0 0.32432432432432434
1.0 0.027027027027027025 0.2972972972972973
1.0 0.05405405405405405 0.2702702702702703
1.0 0.08108108108108109 0.24324324324324328
1.0 0.1081081081081081 0.2162162162162162
1.0 0.13513513513513514 0.1891891891891892
1.0 0.16216216216216217 0.16216216216216217
1.0 0.1891891891891892 0.13513513513513514
1.0 0.2162162162162162 0.1081081081081081
1.0 0.24324324324324328 0.08108108108108109
1.0 0.2702702702702703 0.05405405405405405
1.0 0.2972972972972973 0.027027027027027025
1.0 0.32432432432432434 0.0
1.0 0.0 0.2894736842105263
1.0 0.02631578947368421 0.26315789473684215
1.0 0.05263157894736842 0.2368421052631579
1.0 0.07894736842105263 0.21052631578947367
1.0 0.10526315789473684 0.18421052631578946
1.0 0.13157894736842107 0.15789473684210525
1.0 0.15789473684210525 0.13157894736842107
1.0 0.18421052631578946 0.10526315789473684
1.0 0.21052631578947367 0.07894736842105263
1.0 0.2368421052631579 0.05263157894736842
1.0 0.26315789473684215 0.02631578947368421
1.0 0.2894736842105263 0.0
1.0 0.0 0.25641025641025644
1.0 0.02564102564102564 0.23076923076923078
1.0 0.05128205128205128 0.20512820512820512
1.0 0.07692307692307693 0.1794871794871795
1.0 0.10256410256410256 0.15384615384615385
1.0 0.12820512820512822 0.12820512820512822
1.0 0.15384615384615385 0.10256410256410256
1.0 0.1794871794871795 0.07692307692307693
1.0 0.20512820512820512 0.05128205128205128
1.0 0.23076923076923078 0.02564102564102564
1.0 0.25641025641025644 0.0
1.0 0.0 0.225
1.0 0.024999999999999998 0.19999999999999998
1.0 0.049999999999999996 0.175
1.0 0.075 0.15
1.0 0.09999999999999999 0.125
1.0 0.125 0.09999999999999999
1.0 0.15 0.075
1.0 0.175 0.049999999999999996
1.0 0.19999999999999998 0.024999999999999998
1.0 0.225 0.0
1.0 0.0 0.19512195121951217
1.0 0.024390243902439022 0.17073170731707316
1.0 0.048780487804878044 0.14634146341463414
1.0 0.07317073170731707 0.12195121951219512
1.0 0.09756097560975609 0.09756097560975609
1.0 0.12195121951219512 0.07317073170731707
1.0 0.14634146341463414 0.048780487804878044
1.0 0.17073170731707316 0.024390243902439022
1.0 0.19512195121951217 0.0
1.0 0.0 0.16666666666666666
1.0 0.023809523809523808 0.14285714285714285
1.0 0.047619047619047616 0.11904761904761905
1.0 0.07142857142857142 0.09523809523809523
1.0 0.09523809523809523 0.07142857142857142
1.0 0.11904761904761905 0.047619047619047616
1.0 0.14285714285714285 0.023809523809523808
1.0 0.16666666666666666 0.0
1.0 0.0 0.13953488372093023
1.0 0.023255813953488372 0.11627906976744187
1.0 0.046511627906976744 0.09302325581395349
1.0 0.06976744186046512 0.06976744186046512
1.0 0.09302325581395349 0.046511627906976744
1.0 0.11627906976744187 0.023255813953488372
1.0 0.13953488372093023 0.0
1.0 0.0 0.11363636363636363
1.0 0.022727272727272724 0.0909090909090909
1.0 0.04545454545454545 0.06818181818181818
1.0 0.06818181818181818 0.04545454545454545
1.0 0.0909090909090909 0.022727272727272724
1.0 0.11363636363636363 0.0
1.0 0.0 0.08888888888888888
1.0 0.02222222222222222 0.06666666666666667
1.0 0.04444444444444444 0.04444444444444444
1.0 0.06666666666666667 0.02222222222222222
1.0 0.08888888888888888 0.0
1.0 0.0 0.06521739130434782
1.0 0.021739130434782605 0.04347826086956521
1.0 0.04347826086956521 0.021739130434782605
1.0 0.06521739130434782 0.0
1.0 0.0 0.0425531914893617
1.0 0.02127659574468085 0.02127659574468085
1.0 0.0425531914893617 0.0
1.0 0.0 0.020833333333333332
1.0 0.020833333333333332 0.0
1.0 0.0 0.0
