0.10259902406118354 0.10263054610506377 0.10399376201318634
0.10259902406118354 0.10263054610506377 0.10399376201318634
0.3459759919260268 0.3467496205280869 0.5486507676132465
0.46229309101354327 0.4570909536671004 0.675941192525682
0.5554301361177646 0.5471474335301979 0.7699515231501297
0.6487261221399672 0.6369730996809273 0.8629958552238528
0.7117088666412601 0.6975130657125679 0.9247523353862697
0.7478423130242673 0.7250495969220138 0.9577520812609583
0.8215006222087009 0.8131267257129945 1.02230621144078
0.8796991199026462 0.8405796380048366 1.0691612497223688
0.938268791079362 0.9262448062065513 1.0704998011212727
0.8819513982595766 0.7732025150006697 1.0658620439633837
0.8769606175280451 0.6976999153864167 1.0579991730793368
0.8776990721202846 0.7186769051361088 1.0614392523509104
0.8757915805475887 0.6931043264022827 1.058000067647809
0.8726291827530943 0.6667633636986293 1.053298386951698
0.10259902406118354 0.10263054610506377 0.10399376201318634
0.10259902406118354 0.10263054610506377 0.10399376201318634
0.3459759919260268 0.3467496205280869 0.5486507676132465
0.46229309101354327 0.4570909536671004 0.675941192525682
0.5554301361177646 0.5471474335301979 0.7699515231501297
0.6487261221399672 0.6369730996809273 0.8629958552238528
0.7117088666412601 0.6975130657125679 0.9247523353862697
0.7478423130242673 0.7250495969220138 0.9577520812609583
