0.10848339362036827 0.10360034259521214 0.10428678785318599
0.10848339362036827 0.10360034259521214 0.10428678785318599
0.13579300154474377 0.37456617037002754 0.5524964719462215
0.09280967756963059 0.4748822538091689 0.6800052442329116
0.09280945776792597 0.563258902178635 0.7740892648075705
0.09779135398655335 0.6504302471302201 0.8672055780948853
0.092809 0.7139147931821833 0.9289974033603156
0.23428793211574458 0.7443295397511656 0.9621453638654274
0.6705272524153727 0.8558096183684606 1.0261805292940522
0.7944999651879905 0.8856861671677099 1.0736261830685523
0.9642129375285776 0.959270778904095 1.0736613486257702
0.8087310452368165 0.7871481582053177 1.071531952176005
0.7996953389948163 0.6314519565818636 1.0643165033950102
0.7944998984179372 0.6919217950474349 1.067583771446686
0.7944999428328798 0.626801080218877 1.064317329774426
0.7944998929560805 0.536252424173663 1.0597564353510203
0.10848339362036827 0.10360034259521214 0.10428678785318599
0.10848339362036827 0.10360034259521214 0.10428678785318599
0.13579300154474377 0.37456617037002754 0.5524964719462215
0.09280967756963059 0.4748822538091689 0.6800052442329116
0.09280945776792597 0.563258902178635 0.7740892648075705
0.09779135398655335 0.6504302471302201 0.8672055780948853
0.092809 0.7139147931821833 0.9289974033603156
0.23428793211574458 0.7443295397511656 0.9621453638654274
